L|POL-00000001|[HOM]|1200.00|1200.00|1200.00|1200.00|42.00|25.00|1267.00
L|POL-00000002|[AUT]|850.00|850.00|850.00|850.00|29.75|25.00|904.75
L|POL-00000003|[CGL]|1000.00|1000.00|1000.00|1000.00|35.00|25.00|1060.00
L|TYPE-AUT|[AUT]|850.00|850.00|850.00|850.00|29.75|25.00|904.75
L|TYPE-HOM|[HOM]|1200.00|1200.00|1200.00|1200.00|42.00|25.00|1267.00
L|TYPE-COM|[COM]|5000.00|5000.00|5000.00|5000.00|175.00|25.00|5200.00
L|TYPE-LIF|[LIF]|400.00|400.00|400.00|400.00|14.00|25.00|439.00
L|TYPE-HLT|[HLT]|3500.00|3500.00|3500.00|3500.00|122.50|25.00|3647.50
L|UNK-CGL|[CGL]|1000.00|1000.00|1000.00|1000.00|35.00|25.00|1060.00
L|UNK-XYZ|[XYZ]|1000.00|1000.00|1000.00|1000.00|35.00|25.00|1060.00
L|UNK-LOWER|[aut]|1000.00|1000.00|1000.00|1000.00|35.00|25.00|1060.00
L|UNK-BLANK|[   ]|1000.00|1000.00|1000.00|1000.00|35.00|25.00|1060.00
L|UNK-TRAIL|[AU ]|1000.00|1000.00|1000.00|1000.00|35.00|25.00|1060.00
L|UNK-LEAD|[ AU]|1000.00|1000.00|1000.00|1000.00|35.00|25.00|1060.00
F|SWP-00001|[AUT]|850.00|690.62|604.29|453.21|15.86|25.00|494.07
F|SWP-00002|[AUT]|850.00|690.62|604.29|552.92|19.35|25.00|597.27
F|SWP-00003|[AUT]|850.00|690.62|604.29|604.29|21.15|25.00|650.44
F|SWP-00004|[AUT]|850.00|690.62|604.29|681.33|23.84|25.00|730.17
F|SWP-00005|[AUT]|850.00|690.62|604.29|1007.17|35.25|25.00|1067.42
F|SWP-00006|[AUT]|850.00|690.62|690.62|517.96|18.12|25.00|561.08
F|SWP-00007|[AUT]|850.00|690.62|690.62|631.91|22.11|25.00|679.02
F|SWP-00008|[AUT]|850.00|690.62|690.62|690.62|24.17|25.00|739.79
F|SWP-00009|[AUT]|850.00|690.62|690.62|778.67|27.25|25.00|830.92
F|SWP-00010|[AUT]|850.00|690.62|690.62|1151.05|40.28|25.00|1216.33
F|SWP-00011|[AUT]|850.00|690.62|733.78|550.33|19.26|25.00|594.59
F|SWP-00012|[AUT]|850.00|690.62|733.78|671.40|23.49|25.00|719.89
F|SWP-00013|[AUT]|850.00|690.62|733.78|733.78|25.68|25.00|784.46
F|SWP-00014|[AUT]|850.00|690.62|733.78|827.33|28.95|25.00|881.28
F|SWP-00015|[AUT]|850.00|690.62|733.78|1222.99|42.80|25.00|1290.79
F|SWP-00016|[AUT]|850.00|690.62|920.80|690.60|24.17|25.00|739.77
F|SWP-00017|[AUT]|850.00|690.62|920.80|842.53|29.48|25.00|897.01
F|SWP-00018|[AUT]|850.00|690.62|920.80|920.80|32.22|25.00|978.02
F|SWP-00019|[AUT]|850.00|690.62|920.80|1038.20|36.33|25.00|1099.53
F|SWP-00020|[AUT]|850.00|690.62|920.80|1534.69|53.71|25.00|1613.40
F|SWP-00021|[AUT]|850.00|765.00|669.37|502.02|17.57|25.00|544.59
F|SWP-00022|[AUT]|850.00|765.00|669.37|612.47|21.43|25.00|658.90
F|SWP-00023|[AUT]|850.00|765.00|669.37|669.37|23.42|25.00|717.79
F|SWP-00024|[AUT]|850.00|765.00|669.37|754.71|26.41|25.00|806.12
F|SWP-00025|[AUT]|850.00|765.00|669.37|1115.63|39.04|25.00|1179.67
F|SWP-00026|[AUT]|850.00|765.00|765.00|573.75|20.08|25.00|618.83
F|SWP-00027|[AUT]|850.00|765.00|765.00|699.97|24.49|25.00|749.46
F|SWP-00028|[AUT]|850.00|765.00|765.00|765.00|26.77|25.00|816.77
F|SWP-00029|[AUT]|850.00|765.00|765.00|862.53|30.18|25.00|917.71
F|SWP-00030|[AUT]|850.00|765.00|765.00|1275.02|44.62|25.00|1344.64
F|SWP-00031|[AUT]|850.00|765.00|812.81|609.60|21.33|25.00|655.93
F|SWP-00032|[AUT]|850.00|765.00|812.81|743.72|26.03|25.00|794.75
F|SWP-00033|[AUT]|850.00|765.00|812.81|812.81|28.44|25.00|866.25
F|SWP-00034|[AUT]|850.00|765.00|812.81|916.44|32.07|25.00|973.51
F|SWP-00035|[AUT]|850.00|765.00|812.81|1354.71|47.41|25.00|1427.12
F|SWP-00036|[AUT]|850.00|765.00|1019.97|764.97|26.77|25.00|816.74
F|SWP-00037|[AUT]|850.00|765.00|1019.97|933.27|32.66|25.00|990.93
F|SWP-00038|[AUT]|850.00|765.00|1019.97|1019.97|35.69|25.00|1080.66
F|SWP-00039|[AUT]|850.00|765.00|1019.97|1150.01|40.25|25.00|1215.26
F|SWP-00040|[AUT]|850.00|765.00|1019.97|1699.98|59.49|25.00|1784.47
F|SWP-00041|[AUT]|850.00|850.00|743.75|557.81|19.52|25.00|602.33
F|SWP-00042|[AUT]|850.00|850.00|743.75|680.53|23.81|25.00|729.34
F|SWP-00043|[AUT]|850.00|850.00|743.75|743.75|26.03|25.00|794.78
F|SWP-00044|[AUT]|850.00|850.00|743.75|838.57|29.34|25.00|892.91
F|SWP-00045|[AUT]|850.00|850.00|743.75|1239.60|43.38|25.00|1307.98
F|SWP-00046|[AUT]|850.00|850.00|850.00|637.50|22.31|25.00|684.81
F|SWP-00047|[AUT]|850.00|850.00|850.00|777.75|27.22|25.00|829.97
F|SWP-00048|[AUT]|850.00|850.00|850.00|850.00|29.75|25.00|904.75
F|SWP-00049|[AUT]|850.00|850.00|850.00|958.37|33.54|25.00|1016.91
F|SWP-00050|[AUT]|850.00|850.00|850.00|1416.69|49.58|25.00|1491.27
F|SWP-00051|[AUT]|850.00|850.00|903.12|677.34|23.70|25.00|726.04
F|SWP-00052|[AUT]|850.00|850.00|903.12|826.35|28.92|25.00|880.27
F|SWP-00053|[AUT]|850.00|850.00|903.12|903.12|31.60|25.00|959.72
F|SWP-00054|[AUT]|850.00|850.00|903.12|1018.26|35.63|25.00|1078.89
F|SWP-00055|[AUT]|850.00|850.00|903.12|1505.23|52.68|25.00|1582.91
F|SWP-00056|[AUT]|850.00|850.00|1133.30|849.97|29.74|25.00|904.71
F|SWP-00057|[AUT]|850.00|850.00|1133.30|1036.96|36.29|25.00|1098.25
F|SWP-00058|[AUT]|850.00|850.00|1133.30|1133.30|39.66|25.00|1197.96
F|SWP-00059|[AUT]|850.00|850.00|1133.30|1277.79|44.72|25.00|1347.51
F|SWP-00060|[AUT]|850.00|850.00|1133.30|1888.87|66.11|25.00|1979.98
F|SWP-00061|[AUT]|850.00|881.87|771.63|578.72|20.25|25.00|623.97
F|SWP-00062|[AUT]|850.00|881.87|771.63|706.04|24.71|25.00|755.75
F|SWP-00063|[AUT]|850.00|881.87|771.63|771.63|27.00|25.00|823.63
F|SWP-00064|[AUT]|850.00|881.87|771.63|870.01|30.45|25.00|925.46
F|SWP-00065|[AUT]|850.00|881.87|771.63|1286.07|45.01|25.00|1356.08
F|SWP-00066|[AUT]|850.00|881.87|881.87|661.40|23.14|25.00|709.54
F|SWP-00067|[AUT]|850.00|881.87|881.87|806.91|28.24|25.00|860.15
F|SWP-00068|[AUT]|850.00|881.87|881.87|881.87|30.86|25.00|937.73
F|SWP-00069|[AUT]|850.00|881.87|881.87|994.30|34.80|25.00|1054.10
F|SWP-00070|[AUT]|850.00|881.87|881.87|1469.81|51.44|25.00|1546.25
F|SWP-00071|[AUT]|850.00|881.87|936.98|702.73|24.59|25.00|752.32
F|SWP-00072|[AUT]|850.00|881.87|936.98|857.33|30.00|25.00|912.33
F|SWP-00073|[AUT]|850.00|881.87|936.98|936.98|32.79|25.00|994.77
F|SWP-00074|[AUT]|850.00|881.87|936.98|1056.44|36.97|25.00|1118.41
F|SWP-00075|[AUT]|850.00|881.87|936.98|1561.66|54.65|25.00|1641.31
F|SWP-00076|[AUT]|850.00|881.87|1175.79|881.84|30.86|25.00|937.70
F|SWP-00077|[AUT]|850.00|881.87|1175.79|1075.84|37.65|25.00|1138.49
F|SWP-00078|[AUT]|850.00|881.87|1175.79|1175.79|41.15|25.00|1241.94
F|SWP-00079|[AUT]|850.00|881.87|1175.79|1325.70|46.39|25.00|1397.09
F|SWP-00080|[AUT]|850.00|881.87|1175.79|1959.68|68.58|25.00|2053.26
F|SWP-00081|[AUT]|850.00|966.87|846.01|634.50|22.20|25.00|681.70
F|SWP-00082|[AUT]|850.00|966.87|846.01|774.09|27.09|25.00|826.18
F|SWP-00083|[AUT]|850.00|966.87|846.01|846.01|29.61|25.00|900.62
F|SWP-00084|[AUT]|850.00|966.87|846.01|953.87|33.38|25.00|1012.25
F|SWP-00085|[AUT]|850.00|966.87|846.01|1410.04|49.35|25.00|1484.39
F|SWP-00086|[AUT]|850.00|966.87|966.87|725.15|25.38|25.00|775.53
F|SWP-00087|[AUT]|850.00|966.87|966.87|884.68|30.96|25.00|940.64
F|SWP-00088|[AUT]|850.00|966.87|966.87|966.87|33.84|25.00|1025.71
F|SWP-00089|[AUT]|850.00|966.87|966.87|1090.14|38.15|25.00|1153.29
F|SWP-00090|[AUT]|850.00|966.87|966.87|1611.48|56.40|25.00|1692.88
F|SWP-00091|[AUT]|850.00|966.87|1027.29|770.46|26.96|25.00|822.42
F|SWP-00092|[AUT]|850.00|966.87|1027.29|939.97|32.89|25.00|997.86
F|SWP-00093|[AUT]|850.00|966.87|1027.29|1027.29|35.95|25.00|1088.24
F|SWP-00094|[AUT]|850.00|966.87|1027.29|1158.26|40.53|25.00|1223.79
F|SWP-00095|[AUT]|850.00|966.87|1027.29|1712.18|59.92|25.00|1797.10
F|SWP-00096|[AUT]|850.00|966.87|1289.12|966.84|33.83|25.00|1025.67
F|SWP-00097|[AUT]|850.00|966.87|1289.12|1179.54|41.28|25.00|1245.82
F|SWP-00098|[AUT]|850.00|966.87|1289.12|1289.12|45.11|25.00|1359.23
F|SWP-00099|[AUT]|850.00|966.87|1289.12|1453.48|50.87|25.00|1529.35
F|SWP-00100|[AUT]|850.00|966.87|1289.12|2148.57|75.19|25.00|2248.76
F|SWP-00101|[AUT]|850.00|1062.50|929.68|697.26|24.40|25.00|746.66
F|SWP-00102|[AUT]|850.00|1062.50|929.68|850.65|29.77|25.00|905.42
F|SWP-00103|[AUT]|850.00|1062.50|929.68|929.68|32.53|25.00|987.21
F|SWP-00104|[AUT]|850.00|1062.50|929.68|1048.21|36.68|25.00|1109.89
F|SWP-00105|[AUT]|850.00|1062.50|929.68|1549.49|54.23|25.00|1628.72
F|SWP-00106|[AUT]|850.00|1062.50|1062.50|796.87|27.89|25.00|849.76
F|SWP-00107|[AUT]|850.00|1062.50|1062.50|972.18|34.02|25.00|1031.20
F|SWP-00108|[AUT]|850.00|1062.50|1062.50|1062.50|37.18|25.00|1124.68
F|SWP-00109|[AUT]|850.00|1062.50|1062.50|1197.96|41.92|25.00|1264.88
F|SWP-00110|[AUT]|850.00|1062.50|1062.50|1770.86|61.98|25.00|1857.84
F|SWP-00111|[AUT]|850.00|1062.50|1128.90|846.67|29.63|25.00|901.30
F|SWP-00112|[AUT]|850.00|1062.50|1128.90|1032.94|36.15|25.00|1094.09
F|SWP-00113|[AUT]|850.00|1062.50|1128.90|1128.90|39.51|25.00|1193.41
F|SWP-00114|[AUT]|850.00|1062.50|1128.90|1272.83|44.54|25.00|1342.37
F|SWP-00115|[AUT]|850.00|1062.50|1128.90|1881.53|65.85|25.00|1972.38
F|SWP-00116|[AUT]|850.00|1062.50|1416.63|1062.47|37.18|25.00|1124.65
F|SWP-00117|[AUT]|850.00|1062.50|1416.63|1296.21|45.36|25.00|1366.57
F|SWP-00118|[AUT]|850.00|1062.50|1416.63|1416.63|49.58|25.00|1491.21
F|SWP-00119|[AUT]|850.00|1062.50|1416.63|1597.25|55.90|25.00|1678.15
F|SWP-00120|[AUT]|850.00|1062.50|1416.63|2361.09|82.63|25.00|2468.72
F|SWP-00121|[AUT]|850.00|1274.91|1115.54|836.65|29.28|25.00|890.93
F|SWP-00122|[AUT]|850.00|1274.91|1115.54|1020.71|35.72|25.00|1081.43
F|SWP-00123|[AUT]|850.00|1274.91|1115.54|1115.54|39.04|25.00|1179.58
F|SWP-00124|[AUT]|850.00|1274.91|1115.54|1257.77|44.02|25.00|1326.79
F|SWP-00125|[AUT]|850.00|1274.91|1115.54|1859.27|65.07|25.00|1949.34
F|SWP-00126|[AUT]|850.00|1274.91|1274.91|956.18|33.46|25.00|1014.64
F|SWP-00127|[AUT]|850.00|1274.91|1274.91|1166.54|40.82|25.00|1232.36
F|SWP-00128|[AUT]|850.00|1274.91|1274.91|1274.91|44.62|25.00|1344.53
F|SWP-00129|[AUT]|850.00|1274.91|1274.91|1437.46|50.31|25.00|1512.77
F|SWP-00130|[AUT]|850.00|1274.91|1274.91|2124.89|74.37|25.00|2224.26
F|SWP-00131|[AUT]|850.00|1274.91|1354.59|1015.94|35.55|25.00|1076.49
F|SWP-00132|[AUT]|850.00|1274.91|1354.59|1239.44|43.38|25.00|1307.82
F|SWP-00133|[AUT]|850.00|1274.91|1354.59|1354.59|47.41|25.00|1427.00
F|SWP-00134|[AUT]|850.00|1274.91|1354.59|1527.30|53.45|25.00|1605.75
F|SWP-00135|[AUT]|850.00|1274.91|1354.59|2257.69|79.01|25.00|2361.70
F|SWP-00136|[AUT]|850.00|1274.91|1699.83|1274.87|44.62|25.00|1344.49
F|SWP-00137|[AUT]|850.00|1274.91|1699.83|1555.34|54.43|25.00|1634.77
F|SWP-00138|[AUT]|850.00|1274.91|1699.83|1699.83|59.49|25.00|1784.32
F|SWP-00139|[AUT]|850.00|1274.91|1699.83|1916.55|67.07|25.00|2008.62
F|SWP-00140|[AUT]|850.00|1274.91|1699.83|2833.10|99.15|25.00|2957.25
F|SWP-00141|[HOM]|1200.00|975.00|853.12|639.84|22.39|25.00|687.23
F|SWP-00142|[HOM]|1200.00|975.00|853.12|780.60|27.32|25.00|832.92
F|SWP-00143|[HOM]|1200.00|975.00|853.12|853.12|29.85|25.00|907.97
F|SWP-00144|[HOM]|1200.00|975.00|853.12|961.89|33.66|25.00|1020.55
F|SWP-00145|[HOM]|1200.00|975.00|853.12|1421.89|49.76|25.00|1496.65
F|SWP-00146|[HOM]|1200.00|975.00|975.00|731.25|25.59|25.00|781.84
F|SWP-00147|[HOM]|1200.00|975.00|975.00|892.12|31.22|25.00|948.34
F|SWP-00148|[HOM]|1200.00|975.00|975.00|975.00|34.12|25.00|1034.12
F|SWP-00149|[HOM]|1200.00|975.00|975.00|1099.31|38.47|25.00|1162.78
F|SWP-00150|[HOM]|1200.00|975.00|975.00|1625.03|56.87|25.00|1706.90
F|SWP-00151|[HOM]|1200.00|975.00|1035.93|776.94|27.19|25.00|829.13
F|SWP-00152|[HOM]|1200.00|975.00|1035.93|947.87|33.17|25.00|1006.04
F|SWP-00153|[HOM]|1200.00|975.00|1035.93|1035.93|36.25|25.00|1097.18
F|SWP-00154|[HOM]|1200.00|975.00|1035.93|1168.01|40.88|25.00|1233.89
F|SWP-00155|[HOM]|1200.00|975.00|1035.93|1726.58|60.43|25.00|1812.01
F|SWP-00156|[HOM]|1200.00|975.00|1299.96|974.97|34.12|25.00|1034.09
F|SWP-00157|[HOM]|1200.00|975.00|1299.96|1189.46|41.63|25.00|1256.09
F|SWP-00158|[HOM]|1200.00|975.00|1299.96|1299.96|45.49|25.00|1370.45
F|SWP-00159|[HOM]|1200.00|975.00|1299.96|1465.70|51.29|25.00|1541.99
F|SWP-00160|[HOM]|1200.00|975.00|1299.96|2166.64|75.83|25.00|2267.47
F|SWP-00161|[HOM]|1200.00|1080.00|945.00|708.75|24.80|25.00|758.55
F|SWP-00162|[HOM]|1200.00|1080.00|945.00|864.67|30.26|25.00|919.93
F|SWP-00163|[HOM]|1200.00|1080.00|945.00|945.00|33.07|25.00|1003.07
F|SWP-00164|[HOM]|1200.00|1080.00|945.00|1065.48|37.29|25.00|1127.77
F|SWP-00165|[HOM]|1200.00|1080.00|945.00|1575.03|55.12|25.00|1655.15
F|SWP-00166|[HOM]|1200.00|1080.00|1080.00|810.00|28.35|25.00|863.35
F|SWP-00167|[HOM]|1200.00|1080.00|1080.00|988.20|34.58|25.00|1047.78
F|SWP-00168|[HOM]|1200.00|1080.00|1080.00|1080.00|37.80|25.00|1142.80
F|SWP-00169|[HOM]|1200.00|1080.00|1080.00|1217.70|42.61|25.00|1285.31
F|SWP-00170|[HOM]|1200.00|1080.00|1080.00|1800.03|63.00|25.00|1888.03
F|SWP-00171|[HOM]|1200.00|1080.00|1147.50|860.62|30.12|25.00|915.74
F|SWP-00172|[HOM]|1200.00|1080.00|1147.50|1049.96|36.74|25.00|1111.70
F|SWP-00173|[HOM]|1200.00|1080.00|1147.50|1147.50|40.16|25.00|1212.66
F|SWP-00174|[HOM]|1200.00|1080.00|1147.50|1293.80|45.28|25.00|1364.08
F|SWP-00175|[HOM]|1200.00|1080.00|1147.50|1912.53|66.93|25.00|2004.46
F|SWP-00176|[HOM]|1200.00|1080.00|1439.96|1079.97|37.79|25.00|1142.76
F|SWP-00177|[HOM]|1200.00|1080.00|1439.96|1317.56|46.11|25.00|1388.67
F|SWP-00178|[HOM]|1200.00|1080.00|1439.96|1439.96|50.39|25.00|1515.35
F|SWP-00179|[HOM]|1200.00|1080.00|1439.96|1623.55|56.82|25.00|1705.37
F|SWP-00180|[HOM]|1200.00|1080.00|1439.96|2399.98|83.99|25.00|2508.97
F|SWP-00181|[HOM]|1200.00|1200.00|1050.00|787.50|27.56|25.00|840.06
F|SWP-00182|[HOM]|1200.00|1200.00|1050.00|960.75|33.62|25.00|1019.37
F|SWP-00183|[HOM]|1200.00|1200.00|1050.00|1050.00|36.75|25.00|1111.75
F|SWP-00184|[HOM]|1200.00|1200.00|1050.00|1183.87|41.43|25.00|1250.30
F|SWP-00185|[HOM]|1200.00|1200.00|1050.00|1750.03|61.25|25.00|1836.28
F|SWP-00186|[HOM]|1200.00|1200.00|1200.00|900.00|31.50|25.00|956.50
F|SWP-00187|[HOM]|1200.00|1200.00|1200.00|1098.00|38.43|25.00|1161.43
F|SWP-00188|[HOM]|1200.00|1200.00|1200.00|1200.00|42.00|25.00|1267.00
F|SWP-00189|[HOM]|1200.00|1200.00|1200.00|1353.00|47.35|25.00|1425.35
F|SWP-00190|[HOM]|1200.00|1200.00|1200.00|2000.04|70.00|25.00|2095.04
F|SWP-00191|[HOM]|1200.00|1200.00|1275.00|956.25|33.46|25.00|1014.71
F|SWP-00192|[HOM]|1200.00|1200.00|1275.00|1166.62|40.83|25.00|1232.45
F|SWP-00193|[HOM]|1200.00|1200.00|1275.00|1275.00|44.62|25.00|1344.62
F|SWP-00194|[HOM]|1200.00|1200.00|1275.00|1437.56|50.31|25.00|1512.87
F|SWP-00195|[HOM]|1200.00|1200.00|1275.00|2125.04|74.37|25.00|2224.41
F|SWP-00196|[HOM]|1200.00|1200.00|1599.96|1199.97|41.99|25.00|1266.96
F|SWP-00197|[HOM]|1200.00|1200.00|1599.96|1463.96|51.23|25.00|1540.19
F|SWP-00198|[HOM]|1200.00|1200.00|1599.96|1599.96|55.99|25.00|1680.95
F|SWP-00199|[HOM]|1200.00|1200.00|1599.96|1803.95|63.13|25.00|1892.08
F|SWP-00200|[HOM]|1200.00|1200.00|1599.96|2666.65|93.33|25.00|2784.98
F|SWP-00201|[HOM]|1200.00|1245.00|1089.37|817.02|28.59|25.00|870.61
F|SWP-00202|[HOM]|1200.00|1245.00|1089.37|996.77|34.88|25.00|1056.65
F|SWP-00203|[HOM]|1200.00|1245.00|1089.37|1089.37|38.12|25.00|1152.49
F|SWP-00204|[HOM]|1200.00|1245.00|1089.37|1228.26|42.98|25.00|1296.24
F|SWP-00205|[HOM]|1200.00|1245.00|1089.37|1815.65|63.54|25.00|1904.19
F|SWP-00206|[HOM]|1200.00|1245.00|1245.00|933.75|32.68|25.00|991.43
F|SWP-00207|[HOM]|1200.00|1245.00|1245.00|1139.17|39.87|25.00|1204.04
F|SWP-00208|[HOM]|1200.00|1245.00|1245.00|1245.00|43.57|25.00|1313.57
F|SWP-00209|[HOM]|1200.00|1245.00|1245.00|1403.73|49.13|25.00|1477.86
F|SWP-00210|[HOM]|1200.00|1245.00|1245.00|2075.04|72.62|25.00|2172.66
F|SWP-00211|[HOM]|1200.00|1245.00|1322.81|992.10|34.72|25.00|1051.82
F|SWP-00212|[HOM]|1200.00|1245.00|1322.81|1210.37|42.36|25.00|1277.73
F|SWP-00213|[HOM]|1200.00|1245.00|1322.81|1322.81|46.29|25.00|1394.10
F|SWP-00214|[HOM]|1200.00|1245.00|1322.81|1491.46|52.20|25.00|1568.66
F|SWP-00215|[HOM]|1200.00|1245.00|1322.81|2204.72|77.16|25.00|2306.88
F|SWP-00216|[HOM]|1200.00|1245.00|1659.95|1244.96|43.57|25.00|1313.53
F|SWP-00217|[HOM]|1200.00|1245.00|1659.95|1518.85|53.15|25.00|1597.00
F|SWP-00218|[HOM]|1200.00|1245.00|1659.95|1659.95|58.09|25.00|1743.04
F|SWP-00219|[HOM]|1200.00|1245.00|1659.95|1871.59|65.50|25.00|1962.09
F|SWP-00220|[HOM]|1200.00|1245.00|1659.95|2766.63|96.83|25.00|2888.46
F|SWP-00221|[HOM]|1200.00|1365.00|1194.37|895.77|31.35|25.00|952.12
F|SWP-00222|[HOM]|1200.00|1365.00|1194.37|1092.84|38.24|25.00|1156.08
F|SWP-00223|[HOM]|1200.00|1365.00|1194.37|1194.37|41.80|25.00|1261.17
F|SWP-00224|[HOM]|1200.00|1365.00|1194.37|1346.65|47.13|25.00|1418.78
F|SWP-00225|[HOM]|1200.00|1365.00|1194.37|1990.65|69.67|25.00|2085.32
F|SWP-00226|[HOM]|1200.00|1365.00|1365.00|1023.75|35.83|25.00|1084.58
F|SWP-00227|[HOM]|1200.00|1365.00|1365.00|1248.97|43.71|25.00|1317.68
F|SWP-00228|[HOM]|1200.00|1365.00|1365.00|1365.00|47.77|25.00|1437.77
F|SWP-00229|[HOM]|1200.00|1365.00|1365.00|1539.03|53.86|25.00|1617.89
F|SWP-00230|[HOM]|1200.00|1365.00|1365.00|2275.04|79.62|25.00|2379.66
F|SWP-00231|[HOM]|1200.00|1365.00|1450.31|1087.73|38.07|25.00|1150.80
F|SWP-00232|[HOM]|1200.00|1365.00|1450.31|1327.03|46.44|25.00|1398.47
F|SWP-00233|[HOM]|1200.00|1365.00|1450.31|1450.31|50.76|25.00|1526.07
F|SWP-00234|[HOM]|1200.00|1365.00|1450.31|1635.22|57.23|25.00|1717.45
F|SWP-00235|[HOM]|1200.00|1365.00|1450.31|2417.23|84.60|25.00|2526.83
F|SWP-00236|[HOM]|1200.00|1365.00|1819.95|1364.96|47.77|25.00|1437.73
F|SWP-00237|[HOM]|1200.00|1365.00|1819.95|1665.25|58.28|25.00|1748.53
F|SWP-00238|[HOM]|1200.00|1365.00|1819.95|1819.95|63.69|25.00|1908.64
F|SWP-00239|[HOM]|1200.00|1365.00|1819.95|2051.99|71.81|25.00|2148.80
F|SWP-00240|[HOM]|1200.00|1365.00|1819.95|3033.31|106.16|25.00|3164.47
F|SWP-00241|[HOM]|1200.00|1500.00|1312.50|984.37|34.45|25.00|1043.82
F|SWP-00242|[HOM]|1200.00|1500.00|1312.50|1200.93|42.03|25.00|1267.96
F|SWP-00243|[HOM]|1200.00|1500.00|1312.50|1312.50|45.93|25.00|1383.43
F|SWP-00244|[HOM]|1200.00|1500.00|1312.50|1479.84|51.79|25.00|1556.63
F|SWP-00245|[HOM]|1200.00|1500.00|1312.50|2187.54|76.56|25.00|2289.10
F|SWP-00246|[HOM]|1200.00|1500.00|1500.00|1125.00|39.37|25.00|1189.37
F|SWP-00247|[HOM]|1200.00|1500.00|1500.00|1372.50|48.03|25.00|1445.53
F|SWP-00248|[HOM]|1200.00|1500.00|1500.00|1500.00|52.50|25.00|1577.50
F|SWP-00249|[HOM]|1200.00|1500.00|1500.00|1691.25|59.19|25.00|1775.44
F|SWP-00250|[HOM]|1200.00|1500.00|1500.00|2500.05|87.50|25.00|2612.55
F|SWP-00251|[HOM]|1200.00|1500.00|1593.75|1195.31|41.83|25.00|1262.14
F|SWP-00252|[HOM]|1200.00|1500.00|1593.75|1458.28|51.03|25.00|1534.31
F|SWP-00253|[HOM]|1200.00|1500.00|1593.75|1593.75|55.78|25.00|1674.53
F|SWP-00254|[HOM]|1200.00|1500.00|1593.75|1796.95|62.89|25.00|1884.84
F|SWP-00255|[HOM]|1200.00|1500.00|1593.75|2656.30|92.97|25.00|2774.27
F|SWP-00256|[HOM]|1200.00|1500.00|1999.95|1499.96|52.49|25.00|1577.45
F|SWP-00257|[HOM]|1200.00|1500.00|1999.95|1829.95|64.04|25.00|1918.99
F|SWP-00258|[HOM]|1200.00|1500.00|1999.95|1999.95|69.99|25.00|2094.94
F|SWP-00259|[HOM]|1200.00|1500.00|1999.95|2254.94|78.92|25.00|2358.86
F|SWP-00260|[HOM]|1200.00|1500.00|1999.95|3333.31|116.66|25.00|3474.97
F|SWP-00261|[HOM]|1200.00|1799.88|1574.89|1181.16|41.34|25.00|1247.50
F|SWP-00262|[HOM]|1200.00|1799.88|1574.89|1441.02|50.43|25.00|1516.45
F|SWP-00263|[HOM]|1200.00|1799.88|1574.89|1574.89|55.12|25.00|1655.01
F|SWP-00264|[HOM]|1200.00|1799.88|1574.89|1775.68|62.14|25.00|1862.82
F|SWP-00265|[HOM]|1200.00|1799.88|1574.89|2624.86|91.87|25.00|2741.73
F|SWP-00266|[HOM]|1200.00|1799.88|1799.88|1349.91|47.24|25.00|1422.15
F|SWP-00267|[HOM]|1200.00|1799.88|1799.88|1646.89|57.64|25.00|1729.53
F|SWP-00268|[HOM]|1200.00|1799.88|1799.88|1799.88|62.99|25.00|1887.87
F|SWP-00269|[HOM]|1200.00|1799.88|1799.88|2029.36|71.02|25.00|2125.38
F|SWP-00270|[HOM]|1200.00|1799.88|1799.88|2999.85|104.99|25.00|3129.84
F|SWP-00271|[HOM]|1200.00|1799.88|1912.37|1434.27|50.19|25.00|1509.46
F|SWP-00272|[HOM]|1200.00|1799.88|1912.37|1749.81|61.24|25.00|1836.05
F|SWP-00273|[HOM]|1200.00|1799.88|1912.37|1912.37|66.93|25.00|2004.30
F|SWP-00274|[HOM]|1200.00|1799.88|1912.37|2156.19|75.46|25.00|2256.65
F|SWP-00275|[HOM]|1200.00|1799.88|1912.37|3187.34|111.55|25.00|3323.89
F|SWP-00276|[HOM]|1200.00|1799.88|2399.78|1799.83|62.99|25.00|1887.82
F|SWP-00277|[HOM]|1200.00|1799.88|2399.78|2195.79|76.85|25.00|2297.64
F|SWP-00278|[HOM]|1200.00|1799.88|2399.78|2399.78|83.99|25.00|2508.77
F|SWP-00279|[HOM]|1200.00|1799.88|2399.78|2705.75|94.70|25.00|2825.45
F|SWP-00280|[HOM]|1200.00|1799.88|2399.78|3999.71|139.98|25.00|4164.69
F|SWP-00281|[COM]|5000.00|4062.50|3554.68|2666.01|93.31|25.00|2784.32
F|SWP-00282|[COM]|5000.00|4062.50|3554.68|3252.53|113.83|25.00|3391.36
F|SWP-00283|[COM]|5000.00|4062.50|3554.68|3554.68|124.41|25.00|3704.09
F|SWP-00284|[COM]|5000.00|4062.50|3554.68|4007.90|140.27|25.00|4173.17
F|SWP-00285|[COM]|5000.00|4062.50|3554.68|5924.58|207.36|25.00|6156.94
F|SWP-00286|[COM]|5000.00|4062.50|4062.50|3046.87|106.64|25.00|3178.51
F|SWP-00287|[COM]|5000.00|4062.50|4062.50|3717.18|130.10|25.00|3872.28
F|SWP-00288|[COM]|5000.00|4062.50|4062.50|4062.50|142.18|25.00|4229.68
F|SWP-00289|[COM]|5000.00|4062.50|4062.50|4580.46|160.31|25.00|4765.77
F|SWP-00290|[COM]|5000.00|4062.50|4062.50|6770.96|236.98|25.00|7032.94
F|SWP-00291|[COM]|5000.00|4062.50|4316.40|3237.30|113.30|25.00|3375.60
F|SWP-00292|[COM]|5000.00|4062.50|4316.40|3949.50|138.23|25.00|4112.73
F|SWP-00293|[COM]|5000.00|4062.50|4316.40|4316.40|151.07|25.00|4492.47
F|SWP-00294|[COM]|5000.00|4062.50|4316.40|4866.74|170.33|25.00|5062.07
F|SWP-00295|[COM]|5000.00|4062.50|4316.40|7194.14|251.79|25.00|7470.93
F|SWP-00296|[COM]|5000.00|4062.50|5416.53|4062.39|142.18|25.00|4229.57
F|SWP-00297|[COM]|5000.00|4062.50|5416.53|4956.12|173.46|25.00|5154.58
F|SWP-00298|[COM]|5000.00|4062.50|5416.53|5416.53|189.57|25.00|5631.10
F|SWP-00299|[COM]|5000.00|4062.50|5416.53|6107.13|213.74|25.00|6345.87
F|SWP-00300|[COM]|5000.00|4062.50|5416.53|9027.73|315.97|25.00|9368.70
F|SWP-00301|[COM]|5000.00|4500.00|3937.50|2953.12|103.35|25.00|3081.47
F|SWP-00302|[COM]|5000.00|4500.00|3937.50|3602.81|126.09|25.00|3753.90
F|SWP-00303|[COM]|5000.00|4500.00|3937.50|3937.50|137.81|25.00|4100.31
F|SWP-00304|[COM]|5000.00|4500.00|3937.50|4439.53|155.38|25.00|4619.91
F|SWP-00305|[COM]|5000.00|4500.00|3937.50|6562.63|229.69|25.00|6817.32
F|SWP-00306|[COM]|5000.00|4500.00|4500.00|3375.00|118.12|25.00|3518.12
F|SWP-00307|[COM]|5000.00|4500.00|4500.00|4117.50|144.11|25.00|4286.61
F|SWP-00308|[COM]|5000.00|4500.00|4500.00|4500.00|157.50|25.00|4682.50
F|SWP-00309|[COM]|5000.00|4500.00|4500.00|5073.75|177.58|25.00|5276.33
F|SWP-00310|[COM]|5000.00|4500.00|4500.00|7500.15|262.50|25.00|7787.65
F|SWP-00311|[COM]|5000.00|4500.00|4781.25|3585.93|125.50|25.00|3736.43
F|SWP-00312|[COM]|5000.00|4500.00|4781.25|4374.84|153.11|25.00|4552.95
F|SWP-00313|[COM]|5000.00|4500.00|4781.25|4781.25|167.34|25.00|4973.59
F|SWP-00314|[COM]|5000.00|4500.00|4781.25|5390.85|188.67|25.00|5604.52
F|SWP-00315|[COM]|5000.00|4500.00|4781.25|7968.90|278.91|25.00|8272.81
F|SWP-00316|[COM]|5000.00|4500.00|5999.85|4499.88|157.49|25.00|4682.37
F|SWP-00317|[COM]|5000.00|4500.00|5999.85|5489.86|192.14|25.00|5707.00
F|SWP-00318|[COM]|5000.00|4500.00|5999.85|5999.85|209.99|25.00|6234.84
F|SWP-00319|[COM]|5000.00|4500.00|5999.85|6764.83|236.76|25.00|7026.59
F|SWP-00320|[COM]|5000.00|4500.00|5999.85|9999.94|349.99|25.00|10374.93
F|SWP-00321|[COM]|5000.00|5000.00|4375.00|3281.25|114.84|25.00|3421.09
F|SWP-00322|[COM]|5000.00|5000.00|4375.00|4003.12|140.10|25.00|4168.22
F|SWP-00323|[COM]|5000.00|5000.00|4375.00|4375.00|153.12|25.00|4553.12
F|SWP-00324|[COM]|5000.00|5000.00|4375.00|4932.81|172.64|25.00|5130.45
F|SWP-00325|[COM]|5000.00|5000.00|4375.00|7291.81|255.21|25.00|7572.02
F|SWP-00326|[COM]|5000.00|5000.00|5000.00|3750.00|131.25|25.00|3906.25
F|SWP-00327|[COM]|5000.00|5000.00|5000.00|4575.00|160.12|25.00|4760.12
F|SWP-00328|[COM]|5000.00|5000.00|5000.00|5000.00|175.00|25.00|5200.00
F|SWP-00329|[COM]|5000.00|5000.00|5000.00|5637.50|197.31|25.00|5859.81
F|SWP-00330|[COM]|5000.00|5000.00|5000.00|8333.50|291.67|25.00|8650.17
F|SWP-00331|[COM]|5000.00|5000.00|5312.50|3984.37|139.45|25.00|4148.82
F|SWP-00332|[COM]|5000.00|5000.00|5312.50|4860.93|170.13|25.00|5056.06
F|SWP-00333|[COM]|5000.00|5000.00|5312.50|5312.50|185.93|25.00|5523.43
F|SWP-00334|[COM]|5000.00|5000.00|5312.50|5989.84|209.64|25.00|6224.48
F|SWP-00335|[COM]|5000.00|5000.00|5312.50|8854.34|309.90|25.00|9189.24
F|SWP-00336|[COM]|5000.00|5000.00|6666.50|4999.87|174.99|25.00|5199.86
F|SWP-00337|[COM]|5000.00|5000.00|6666.50|6099.84|213.49|25.00|6338.33
F|SWP-00338|[COM]|5000.00|5000.00|6666.50|6666.50|233.32|25.00|6924.82
F|SWP-00339|[COM]|5000.00|5000.00|6666.50|7516.47|263.07|25.00|7804.54
F|SWP-00340|[COM]|5000.00|5000.00|6666.50|11111.05|388.88|25.00|11524.93
F|SWP-00341|[COM]|5000.00|5187.50|4539.06|3404.29|119.15|25.00|3548.44
F|SWP-00342|[COM]|5000.00|5187.50|4539.06|4153.23|145.36|25.00|4323.59
F|SWP-00343|[COM]|5000.00|5187.50|4539.06|4539.06|158.86|25.00|4722.92
F|SWP-00344|[COM]|5000.00|5187.50|4539.06|5117.79|179.12|25.00|5321.91
F|SWP-00345|[COM]|5000.00|5187.50|4539.06|7565.25|264.78|25.00|7855.03
F|SWP-00346|[COM]|5000.00|5187.50|5187.50|3890.62|136.17|25.00|4051.79
F|SWP-00347|[COM]|5000.00|5187.50|5187.50|4746.56|166.12|25.00|4937.68
F|SWP-00348|[COM]|5000.00|5187.50|5187.50|5187.50|181.56|25.00|5394.06
F|SWP-00349|[COM]|5000.00|5187.50|5187.50|5848.90|204.71|25.00|6078.61
F|SWP-00350|[COM]|5000.00|5187.50|5187.50|8646.00|302.61|25.00|8973.61
F|SWP-00351|[COM]|5000.00|5187.50|5511.71|4133.78|144.68|25.00|4303.46
F|SWP-00352|[COM]|5000.00|5187.50|5511.71|5043.21|176.51|25.00|5244.72
F|SWP-00353|[COM]|5000.00|5187.50|5511.71|5511.71|192.90|25.00|5729.61
F|SWP-00354|[COM]|5000.00|5187.50|5511.71|6214.45|217.50|25.00|6456.95
F|SWP-00355|[COM]|5000.00|5187.50|5511.71|9186.36|321.52|25.00|9532.88
F|SWP-00356|[COM]|5000.00|5187.50|6916.49|5187.36|181.55|25.00|5393.91
F|SWP-00357|[COM]|5000.00|5187.50|6916.49|6328.58|221.50|25.00|6575.08
F|SWP-00358|[COM]|5000.00|5187.50|6916.49|6916.49|242.07|25.00|7183.56
F|SWP-00359|[COM]|5000.00|5187.50|6916.49|7798.34|272.94|25.00|8096.28
F|SWP-00360|[COM]|5000.00|5187.50|6916.49|11527.71|403.46|25.00|11956.17
F|SWP-00361|[COM]|5000.00|5687.50|4976.56|3732.42|130.63|25.00|3888.05
F|SWP-00362|[COM]|5000.00|5687.50|4976.56|4553.55|159.37|25.00|4737.92
F|SWP-00363|[COM]|5000.00|5687.50|4976.56|4976.56|174.17|25.00|5175.73
F|SWP-00364|[COM]|5000.00|5687.50|4976.56|5611.07|196.38|25.00|5832.45
F|SWP-00365|[COM]|5000.00|5687.50|4976.56|8294.43|290.30|25.00|8609.73
F|SWP-00366|[COM]|5000.00|5687.50|5687.50|4265.62|149.29|25.00|4439.91
F|SWP-00367|[COM]|5000.00|5687.50|5687.50|5204.06|182.14|25.00|5411.20
F|SWP-00368|[COM]|5000.00|5687.50|5687.50|5687.50|199.06|25.00|5911.56
F|SWP-00369|[COM]|5000.00|5687.50|5687.50|6412.65|224.44|25.00|6662.09
F|SWP-00370|[COM]|5000.00|5687.50|5687.50|9479.35|331.77|25.00|9836.12
F|SWP-00371|[COM]|5000.00|5687.50|6042.96|4532.22|158.62|25.00|4715.84
F|SWP-00372|[COM]|5000.00|5687.50|6042.96|5529.30|193.52|25.00|5747.82
F|SWP-00373|[COM]|5000.00|5687.50|6042.96|6042.96|211.50|25.00|6279.46
F|SWP-00374|[COM]|5000.00|5687.50|6042.96|6813.43|238.47|25.00|7076.90
F|SWP-00375|[COM]|5000.00|5687.50|6042.96|10071.80|352.51|25.00|10449.31
F|SWP-00376|[COM]|5000.00|5687.50|7583.14|5687.35|199.05|25.00|5911.40
F|SWP-00377|[COM]|5000.00|5687.50|7583.14|6938.57|242.84|25.00|7206.41
F|SWP-00378|[COM]|5000.00|5687.50|7583.14|7583.14|265.40|25.00|7873.54
F|SWP-00379|[COM]|5000.00|5687.50|7583.14|8549.99|299.24|25.00|8874.23
F|SWP-00380|[COM]|5000.00|5687.50|7583.14|12638.81|442.35|25.00|13106.16
F|SWP-00381|[COM]|5000.00|6250.00|5468.75|4101.56|143.55|25.00|4270.11
F|SWP-00382|[COM]|5000.00|6250.00|5468.75|5003.90|175.13|25.00|5204.03
F|SWP-00383|[COM]|5000.00|6250.00|5468.75|5468.75|191.40|25.00|5685.15
F|SWP-00384|[COM]|5000.00|6250.00|5468.75|6166.01|215.81|25.00|6406.82
F|SWP-00385|[COM]|5000.00|6250.00|5468.75|9114.76|319.01|25.00|9458.77
F|SWP-00386|[COM]|5000.00|6250.00|6250.00|4687.50|164.06|25.00|4876.56
F|SWP-00387|[COM]|5000.00|6250.00|6250.00|5718.75|200.15|25.00|5943.90
F|SWP-00388|[COM]|5000.00|6250.00|6250.00|6250.00|218.75|25.00|6493.75
F|SWP-00389|[COM]|5000.00|6250.00|6250.00|7046.87|246.64|25.00|7318.51
F|SWP-00390|[COM]|5000.00|6250.00|6250.00|10416.87|364.59|25.00|10806.46
F|SWP-00391|[COM]|5000.00|6250.00|6640.62|4980.46|174.31|25.00|5179.77
F|SWP-00392|[COM]|5000.00|6250.00|6640.62|6076.16|212.66|25.00|6313.82
F|SWP-00393|[COM]|5000.00|6250.00|6640.62|6640.62|232.42|25.00|6898.04
F|SWP-00394|[COM]|5000.00|6250.00|6640.62|7487.29|262.05|25.00|7774.34
F|SWP-00395|[COM]|5000.00|6250.00|6640.62|11067.92|387.37|25.00|11480.29
F|SWP-00396|[COM]|5000.00|6250.00|8333.12|6249.84|218.74|25.00|6493.58
F|SWP-00397|[COM]|5000.00|6250.00|8333.12|7624.80|266.86|25.00|7916.66
F|SWP-00398|[COM]|5000.00|6250.00|8333.12|8333.12|291.65|25.00|8649.77
F|SWP-00399|[COM]|5000.00|6250.00|8333.12|9395.59|328.84|25.00|9749.43
F|SWP-00400|[COM]|5000.00|6250.00|8333.12|13888.81|486.10|25.00|14399.91
F|SWP-00401|[COM]|5000.00|7499.50|6562.06|4921.54|172.25|25.00|5118.79
F|SWP-00402|[COM]|5000.00|7499.50|6562.06|6004.28|210.14|25.00|6239.42
F|SWP-00403|[COM]|5000.00|7499.50|6562.06|6562.06|229.67|25.00|6816.73
F|SWP-00404|[COM]|5000.00|7499.50|6562.06|7398.72|258.95|25.00|7682.67
F|SWP-00405|[COM]|5000.00|7499.50|6562.06|10936.98|382.79|25.00|11344.77
F|SWP-00406|[COM]|5000.00|7499.50|7499.50|5624.62|196.86|25.00|5846.48
F|SWP-00407|[COM]|5000.00|7499.50|7499.50|6862.04|240.17|25.00|7127.21
F|SWP-00408|[COM]|5000.00|7499.50|7499.50|7499.50|262.48|25.00|7786.98
F|SWP-00409|[COM]|5000.00|7499.50|7499.50|8455.68|295.94|25.00|8776.62
F|SWP-00410|[COM]|5000.00|7499.50|7499.50|12499.41|437.47|25.00|12961.88
F|SWP-00411|[COM]|5000.00|7499.50|7968.21|5976.15|209.16|25.00|6210.31
F|SWP-00412|[COM]|5000.00|7499.50|7968.21|7290.91|255.18|25.00|7571.09
F|SWP-00413|[COM]|5000.00|7499.50|7968.21|7968.21|278.88|25.00|8272.09
F|SWP-00414|[COM]|5000.00|7499.50|7968.21|8984.15|314.44|25.00|9323.59
F|SWP-00415|[COM]|5000.00|7499.50|7968.21|13280.61|464.82|25.00|13770.43
F|SWP-00416|[COM]|5000.00|7499.50|9999.08|7499.31|262.47|25.00|7786.78
F|SWP-00417|[COM]|5000.00|7499.50|9999.08|9149.15|320.22|25.00|9494.37
F|SWP-00418|[COM]|5000.00|7499.50|9999.08|9999.08|349.96|25.00|10374.04
F|SWP-00419|[COM]|5000.00|7499.50|9999.08|11273.96|394.58|25.00|11693.54
F|SWP-00420|[COM]|5000.00|7499.50|9999.08|16665.46|583.29|25.00|17273.75
F|SWP-00421|[LIF]|400.00|325.00|284.37|213.27|7.46|25.00|245.73
F|SWP-00422|[LIF]|400.00|325.00|284.37|260.19|9.10|25.00|294.29
F|SWP-00423|[LIF]|400.00|325.00|284.37|284.37|9.95|25.00|319.32
F|SWP-00424|[LIF]|400.00|325.00|284.37|320.62|11.22|25.00|356.84
F|SWP-00425|[LIF]|400.00|325.00|284.37|473.95|16.58|25.00|515.53
F|SWP-00426|[LIF]|400.00|325.00|325.00|243.75|8.53|25.00|277.28
F|SWP-00427|[LIF]|400.00|325.00|325.00|297.37|10.40|25.00|332.77
F|SWP-00428|[LIF]|400.00|325.00|325.00|325.00|11.37|25.00|361.37
F|SWP-00429|[LIF]|400.00|325.00|325.00|366.43|12.82|25.00|404.25
F|SWP-00430|[LIF]|400.00|325.00|325.00|541.67|18.95|25.00|585.62
F|SWP-00431|[LIF]|400.00|325.00|345.31|258.98|9.06|25.00|293.04
F|SWP-00432|[LIF]|400.00|325.00|345.31|315.95|11.05|25.00|352.00
F|SWP-00433|[LIF]|400.00|325.00|345.31|345.31|12.08|25.00|382.39
F|SWP-00434|[LIF]|400.00|325.00|345.31|389.33|13.62|25.00|427.95
F|SWP-00435|[LIF]|400.00|325.00|345.31|575.52|20.14|25.00|620.66
F|SWP-00436|[LIF]|400.00|325.00|433.32|324.99|11.37|25.00|361.36
F|SWP-00437|[LIF]|400.00|325.00|433.32|396.48|13.87|25.00|435.35
F|SWP-00438|[LIF]|400.00|325.00|433.32|433.32|15.16|25.00|473.48
F|SWP-00439|[LIF]|400.00|325.00|433.32|488.56|17.09|25.00|530.65
F|SWP-00440|[LIF]|400.00|325.00|433.32|722.21|25.27|25.00|772.48
F|SWP-00441|[LIF]|400.00|360.00|315.00|236.25|8.26|25.00|269.51
F|SWP-00442|[LIF]|400.00|360.00|315.00|288.22|10.08|25.00|323.30
F|SWP-00443|[LIF]|400.00|360.00|315.00|315.00|11.02|25.00|351.02
F|SWP-00444|[LIF]|400.00|360.00|315.00|355.16|12.43|25.00|392.59
F|SWP-00445|[LIF]|400.00|360.00|315.00|525.01|18.37|25.00|568.38
F|SWP-00446|[LIF]|400.00|360.00|360.00|270.00|9.45|25.00|304.45
F|SWP-00447|[LIF]|400.00|360.00|360.00|329.40|11.52|25.00|365.92
F|SWP-00448|[LIF]|400.00|360.00|360.00|360.00|12.60|25.00|397.60
F|SWP-00449|[LIF]|400.00|360.00|360.00|405.90|14.20|25.00|445.10
F|SWP-00450|[LIF]|400.00|360.00|360.00|600.01|21.00|25.00|646.01
F|SWP-00451|[LIF]|400.00|360.00|382.50|286.87|10.04|25.00|321.91
F|SWP-00452|[LIF]|400.00|360.00|382.50|349.98|12.24|25.00|387.22
F|SWP-00453|[LIF]|400.00|360.00|382.50|382.50|13.38|25.00|420.88
F|SWP-00454|[LIF]|400.00|360.00|382.50|431.26|15.09|25.00|471.35
F|SWP-00455|[LIF]|400.00|360.00|382.50|637.51|22.31|25.00|684.82
F|SWP-00456|[LIF]|400.00|360.00|479.98|359.98|12.59|25.00|397.57
F|SWP-00457|[LIF]|400.00|360.00|479.98|439.18|15.37|25.00|479.55
F|SWP-00458|[LIF]|400.00|360.00|479.98|479.98|16.79|25.00|521.77
F|SWP-00459|[LIF]|400.00|360.00|479.98|541.17|18.94|25.00|585.11
F|SWP-00460|[LIF]|400.00|360.00|479.98|799.98|27.99|25.00|852.97
F|SWP-00461|[LIF]|400.00|400.00|350.00|262.50|9.18|25.00|296.68
F|SWP-00462|[LIF]|400.00|400.00|350.00|320.25|11.20|25.00|356.45
F|SWP-00463|[LIF]|400.00|400.00|350.00|350.00|12.25|25.00|387.25
F|SWP-00464|[LIF]|400.00|400.00|350.00|394.62|13.81|25.00|433.43
F|SWP-00465|[LIF]|400.00|400.00|350.00|583.34|20.41|25.00|628.75
F|SWP-00466|[LIF]|400.00|400.00|400.00|300.00|10.50|25.00|335.50
F|SWP-00467|[LIF]|400.00|400.00|400.00|366.00|12.81|25.00|403.81
F|SWP-00468|[LIF]|400.00|400.00|400.00|400.00|14.00|25.00|439.00
F|SWP-00469|[LIF]|400.00|400.00|400.00|451.00|15.78|25.00|491.78
F|SWP-00470|[LIF]|400.00|400.00|400.00|666.68|23.33|25.00|715.01
F|SWP-00471|[LIF]|400.00|400.00|425.00|318.75|11.15|25.00|354.90
F|SWP-00472|[LIF]|400.00|400.00|425.00|388.87|13.61|25.00|427.48
F|SWP-00473|[LIF]|400.00|400.00|425.00|425.00|14.87|25.00|464.87
F|SWP-00474|[LIF]|400.00|400.00|425.00|479.18|16.77|25.00|520.95
F|SWP-00475|[LIF]|400.00|400.00|425.00|708.34|24.79|25.00|758.13
F|SWP-00476|[LIF]|400.00|400.00|533.32|399.99|13.99|25.00|438.98
F|SWP-00477|[LIF]|400.00|400.00|533.32|487.98|17.07|25.00|530.05
F|SWP-00478|[LIF]|400.00|400.00|533.32|533.32|18.66|25.00|576.98
F|SWP-00479|[LIF]|400.00|400.00|533.32|601.31|21.04|25.00|647.35
F|SWP-00480|[LIF]|400.00|400.00|533.32|888.88|31.11|25.00|944.99
F|SWP-00481|[LIF]|400.00|415.00|363.12|272.34|9.53|25.00|306.87
F|SWP-00482|[LIF]|400.00|415.00|363.12|332.25|11.62|25.00|368.87
F|SWP-00483|[LIF]|400.00|415.00|363.12|363.12|12.70|25.00|400.82
F|SWP-00484|[LIF]|400.00|415.00|363.12|409.41|14.32|25.00|448.73
F|SWP-00485|[LIF]|400.00|415.00|363.12|605.21|21.18|25.00|651.39
F|SWP-00486|[LIF]|400.00|415.00|415.00|311.25|10.89|25.00|347.14
F|SWP-00487|[LIF]|400.00|415.00|415.00|379.72|13.29|25.00|418.01
F|SWP-00488|[LIF]|400.00|415.00|415.00|415.00|14.52|25.00|454.52
F|SWP-00489|[LIF]|400.00|415.00|415.00|467.91|16.37|25.00|509.28
F|SWP-00490|[LIF]|400.00|415.00|415.00|691.68|24.20|25.00|740.88
F|SWP-00491|[LIF]|400.00|415.00|440.93|330.69|11.57|25.00|367.26
F|SWP-00492|[LIF]|400.00|415.00|440.93|403.45|14.12|25.00|442.57
F|SWP-00493|[LIF]|400.00|415.00|440.93|440.93|15.43|25.00|481.36
F|SWP-00494|[LIF]|400.00|415.00|440.93|497.14|17.39|25.00|539.53
F|SWP-00495|[LIF]|400.00|415.00|440.93|734.89|25.72|25.00|785.61
F|SWP-00496|[LIF]|400.00|415.00|553.31|414.98|14.52|25.00|454.50
F|SWP-00497|[LIF]|400.00|415.00|553.31|506.27|17.71|25.00|548.98
F|SWP-00498|[LIF]|400.00|415.00|553.31|553.31|19.36|25.00|597.67
F|SWP-00499|[LIF]|400.00|415.00|553.31|623.85|21.83|25.00|670.68
F|SWP-00500|[LIF]|400.00|415.00|553.31|922.20|32.27|25.00|979.47
F|SWP-00501|[LIF]|400.00|455.00|398.12|298.59|10.45|25.00|334.04
F|SWP-00502|[LIF]|400.00|455.00|398.12|364.27|12.74|25.00|402.01
F|SWP-00503|[LIF]|400.00|455.00|398.12|398.12|13.93|25.00|437.05
F|SWP-00504|[LIF]|400.00|455.00|398.12|448.88|15.71|25.00|489.59
F|SWP-00505|[LIF]|400.00|455.00|398.12|663.54|23.22|25.00|711.76
F|SWP-00506|[LIF]|400.00|455.00|455.00|341.25|11.94|25.00|378.19
F|SWP-00507|[LIF]|400.00|455.00|455.00|416.32|14.57|25.00|455.89
F|SWP-00508|[LIF]|400.00|455.00|455.00|455.00|15.92|25.00|495.92
F|SWP-00509|[LIF]|400.00|455.00|455.00|513.01|17.95|25.00|555.96
F|SWP-00510|[LIF]|400.00|455.00|455.00|758.34|26.54|25.00|809.88
F|SWP-00511|[LIF]|400.00|455.00|483.43|362.57|12.68|25.00|400.25
F|SWP-00512|[LIF]|400.00|455.00|483.43|442.33|15.48|25.00|482.81
F|SWP-00513|[LIF]|400.00|455.00|483.43|483.43|16.92|25.00|525.35
F|SWP-00514|[LIF]|400.00|455.00|483.43|545.06|19.07|25.00|589.13
F|SWP-00515|[LIF]|400.00|455.00|483.43|805.73|28.20|25.00|858.93
F|SWP-00516|[LIF]|400.00|455.00|606.65|454.98|15.92|25.00|495.90
F|SWP-00517|[LIF]|400.00|455.00|606.65|555.08|19.42|25.00|599.50
F|SWP-00518|[LIF]|400.00|455.00|606.65|606.65|21.23|25.00|652.88
F|SWP-00519|[LIF]|400.00|455.00|606.65|683.99|23.93|25.00|732.92
F|SWP-00520|[LIF]|400.00|455.00|606.65|1011.10|35.38|25.00|1071.48
F|SWP-00521|[LIF]|400.00|500.00|437.50|328.12|11.48|25.00|364.60
F|SWP-00522|[LIF]|400.00|500.00|437.50|400.31|14.01|25.00|439.32
F|SWP-00523|[LIF]|400.00|500.00|437.50|437.50|15.31|25.00|477.81
F|SWP-00524|[LIF]|400.00|500.00|437.50|493.28|17.26|25.00|535.54
F|SWP-00525|[LIF]|400.00|500.00|437.50|729.18|25.52|25.00|779.70
F|SWP-00526|[LIF]|400.00|500.00|500.00|375.00|13.12|25.00|413.12
F|SWP-00527|[LIF]|400.00|500.00|500.00|457.50|16.01|25.00|498.51
F|SWP-00528|[LIF]|400.00|500.00|500.00|500.00|17.50|25.00|542.50
F|SWP-00529|[LIF]|400.00|500.00|500.00|563.75|19.73|25.00|608.48
F|SWP-00530|[LIF]|400.00|500.00|500.00|833.35|29.16|25.00|887.51
F|SWP-00531|[LIF]|400.00|500.00|531.25|398.43|13.94|25.00|437.37
F|SWP-00532|[LIF]|400.00|500.00|531.25|486.09|17.01|25.00|528.10
F|SWP-00533|[LIF]|400.00|500.00|531.25|531.25|18.59|25.00|574.84
F|SWP-00534|[LIF]|400.00|500.00|531.25|598.98|20.96|25.00|644.94
F|SWP-00535|[LIF]|400.00|500.00|531.25|885.43|30.99|25.00|941.42
F|SWP-00536|[LIF]|400.00|500.00|666.65|499.98|17.49|25.00|542.47
F|SWP-00537|[LIF]|400.00|500.00|666.65|609.98|21.34|25.00|656.32
F|SWP-00538|[LIF]|400.00|500.00|666.65|666.65|23.33|25.00|714.98
F|SWP-00539|[LIF]|400.00|500.00|666.65|751.64|26.30|25.00|802.94
F|SWP-00540|[LIF]|400.00|500.00|666.65|1111.10|38.88|25.00|1174.98
F|SWP-00541|[LIF]|400.00|599.96|524.96|393.72|13.78|25.00|432.50
F|SWP-00542|[LIF]|400.00|599.96|524.96|480.33|16.81|25.00|522.14
F|SWP-00543|[LIF]|400.00|599.96|524.96|524.96|18.37|25.00|568.33
F|SWP-00544|[LIF]|400.00|599.96|524.96|591.89|20.71|25.00|637.60
F|SWP-00545|[LIF]|400.00|599.96|524.96|874.95|30.62|25.00|930.57
F|SWP-00546|[LIF]|400.00|599.96|599.96|449.97|15.74|25.00|490.71
F|SWP-00547|[LIF]|400.00|599.96|599.96|548.96|19.21|25.00|593.17
F|SWP-00548|[LIF]|400.00|599.96|599.96|599.96|20.99|25.00|645.95
F|SWP-00549|[LIF]|400.00|599.96|599.96|676.45|23.67|25.00|725.12
F|SWP-00550|[LIF]|400.00|599.96|599.96|999.95|34.99|25.00|1059.94
F|SWP-00551|[LIF]|400.00|599.96|637.45|478.08|16.73|25.00|519.81
F|SWP-00552|[LIF]|400.00|599.96|637.45|583.26|20.41|25.00|628.67
F|SWP-00553|[LIF]|400.00|599.96|637.45|637.45|22.31|25.00|684.76
F|SWP-00554|[LIF]|400.00|599.96|637.45|718.72|25.15|25.00|768.87
F|SWP-00555|[LIF]|400.00|599.96|637.45|1062.43|37.18|25.00|1124.61
F|SWP-00556|[LIF]|400.00|599.96|799.92|599.94|20.99|25.00|645.93
F|SWP-00557|[LIF]|400.00|599.96|799.92|731.92|25.61|25.00|782.53
F|SWP-00558|[LIF]|400.00|599.96|799.92|799.92|27.99|25.00|852.91
F|SWP-00559|[LIF]|400.00|599.96|799.92|901.90|31.56|25.00|958.46
F|SWP-00560|[LIF]|400.00|599.96|799.92|1333.22|46.66|25.00|1404.88
F|SWP-00561|[HLT]|3500.00|2843.75|2488.28|1866.21|65.31|25.00|1956.52
F|SWP-00562|[HLT]|3500.00|2843.75|2488.28|2276.77|79.68|25.00|2381.45
F|SWP-00563|[HLT]|3500.00|2843.75|2488.28|2488.28|87.08|25.00|2600.36
F|SWP-00564|[HLT]|3500.00|2843.75|2488.28|2805.53|98.19|25.00|2928.72
F|SWP-00565|[HLT]|3500.00|2843.75|2488.28|4147.21|145.15|25.00|4317.36
F|SWP-00566|[HLT]|3500.00|2843.75|2843.75|2132.81|74.64|25.00|2232.45
F|SWP-00567|[HLT]|3500.00|2843.75|2843.75|2602.03|91.07|25.00|2718.10
F|SWP-00568|[HLT]|3500.00|2843.75|2843.75|2843.75|99.53|25.00|2968.28
F|SWP-00569|[HLT]|3500.00|2843.75|2843.75|3206.32|112.22|25.00|3343.54
F|SWP-00570|[HLT]|3500.00|2843.75|2843.75|4739.67|165.88|25.00|4930.55
F|SWP-00571|[HLT]|3500.00|2843.75|3021.48|2266.11|79.31|25.00|2370.42
F|SWP-00572|[HLT]|3500.00|2843.75|3021.48|2764.65|96.76|25.00|2886.41
F|SWP-00573|[HLT]|3500.00|2843.75|3021.48|3021.48|105.75|25.00|3152.23
F|SWP-00574|[HLT]|3500.00|2843.75|3021.48|3406.71|119.23|25.00|3550.94
F|SWP-00575|[HLT]|3500.00|2843.75|3021.48|5035.90|176.25|25.00|5237.15
F|SWP-00576|[HLT]|3500.00|2843.75|3791.57|2843.67|99.52|25.00|2968.19
F|SWP-00577|[HLT]|3500.00|2843.75|3791.57|3469.28|121.42|25.00|3615.70
F|SWP-00578|[HLT]|3500.00|2843.75|3791.57|3791.57|132.70|25.00|3949.27
F|SWP-00579|[HLT]|3500.00|2843.75|3791.57|4274.99|149.62|25.00|4449.61
F|SWP-00580|[HLT]|3500.00|2843.75|3791.57|6319.40|221.17|25.00|6565.57
F|SWP-00581|[HLT]|3500.00|3150.00|2756.25|2067.18|72.35|25.00|2164.53
F|SWP-00582|[HLT]|3500.00|3150.00|2756.25|2521.96|88.26|25.00|2635.22
F|SWP-00583|[HLT]|3500.00|3150.00|2756.25|2756.25|96.46|25.00|2877.71
F|SWP-00584|[HLT]|3500.00|3150.00|2756.25|3107.67|108.76|25.00|3241.43
F|SWP-00585|[HLT]|3500.00|3150.00|2756.25|4593.84|160.78|25.00|4779.62
F|SWP-00586|[HLT]|3500.00|3150.00|3150.00|2362.50|82.68|25.00|2470.18
F|SWP-00587|[HLT]|3500.00|3150.00|3150.00|2882.25|100.87|25.00|3008.12
F|SWP-00588|[HLT]|3500.00|3150.00|3150.00|3150.00|110.25|25.00|3285.25
F|SWP-00589|[HLT]|3500.00|3150.00|3150.00|3551.62|124.30|25.00|3700.92
F|SWP-00590|[HLT]|3500.00|3150.00|3150.00|5250.10|183.75|25.00|5458.85
F|SWP-00591|[HLT]|3500.00|3150.00|3346.87|2510.15|87.85|25.00|2623.00
F|SWP-00592|[HLT]|3500.00|3150.00|3346.87|3062.38|107.18|25.00|3194.56
F|SWP-00593|[HLT]|3500.00|3150.00|3346.87|3346.87|117.14|25.00|3489.01
F|SWP-00594|[HLT]|3500.00|3150.00|3346.87|3773.59|132.07|25.00|3930.66
F|SWP-00595|[HLT]|3500.00|3150.00|3346.87|5578.22|195.23|25.00|5798.45
F|SWP-00596|[HLT]|3500.00|3150.00|4199.89|3149.91|110.24|25.00|3285.15
F|SWP-00597|[HLT]|3500.00|3150.00|4199.89|3842.89|134.50|25.00|4002.39
F|SWP-00598|[HLT]|3500.00|3150.00|4199.89|4199.89|146.99|25.00|4371.88
F|SWP-00599|[HLT]|3500.00|3150.00|4199.89|4735.37|165.73|25.00|4926.10
F|SWP-00600|[HLT]|3500.00|3150.00|4199.89|6999.95|244.99|25.00|7269.94
F|SWP-00601|[HLT]|3500.00|3500.00|3062.50|2296.87|80.39|25.00|2402.26
F|SWP-00602|[HLT]|3500.00|3500.00|3062.50|2802.18|98.07|25.00|2925.25
F|SWP-00603|[HLT]|3500.00|3500.00|3062.50|3062.50|107.18|25.00|3194.68
F|SWP-00604|[HLT]|3500.00|3500.00|3062.50|3452.96|120.85|25.00|3598.81
F|SWP-00605|[HLT]|3500.00|3500.00|3062.50|5104.26|178.64|25.00|5307.90
F|SWP-00606|[HLT]|3500.00|3500.00|3500.00|2625.00|91.87|25.00|2741.87
F|SWP-00607|[HLT]|3500.00|3500.00|3500.00|3202.50|112.08|25.00|3339.58
F|SWP-00608|[HLT]|3500.00|3500.00|3500.00|3500.00|122.50|25.00|3647.50
F|SWP-00609|[HLT]|3500.00|3500.00|3500.00|3946.25|138.11|25.00|4109.36
F|SWP-00610|[HLT]|3500.00|3500.00|3500.00|5833.45|204.17|25.00|6062.62
F|SWP-00611|[HLT]|3500.00|3500.00|3718.75|2789.06|97.61|25.00|2911.67
F|SWP-00612|[HLT]|3500.00|3500.00|3718.75|3402.65|119.09|25.00|3546.74
F|SWP-00613|[HLT]|3500.00|3500.00|3718.75|3718.75|130.15|25.00|3873.90
F|SWP-00614|[HLT]|3500.00|3500.00|3718.75|4192.89|146.75|25.00|4364.64
F|SWP-00615|[HLT]|3500.00|3500.00|3718.75|6198.04|216.93|25.00|6439.97
F|SWP-00616|[HLT]|3500.00|3500.00|4666.55|3499.91|122.49|25.00|3647.40
F|SWP-00617|[HLT]|3500.00|3500.00|4666.55|4269.89|149.44|25.00|4444.33
F|SWP-00618|[HLT]|3500.00|3500.00|4666.55|4666.55|163.32|25.00|4854.87
F|SWP-00619|[HLT]|3500.00|3500.00|4666.55|5261.53|184.15|25.00|5470.68
F|SWP-00620|[HLT]|3500.00|3500.00|4666.55|7777.73|272.22|25.00|8074.95
F|SWP-00621|[HLT]|3500.00|3631.25|3177.34|2383.00|83.40|25.00|2491.40
F|SWP-00622|[HLT]|3500.00|3631.25|3177.34|2907.26|101.75|25.00|3034.01
F|SWP-00623|[HLT]|3500.00|3631.25|3177.34|3177.34|111.20|25.00|3313.54
F|SWP-00624|[HLT]|3500.00|3631.25|3177.34|3582.45|125.38|25.00|3732.83
F|SWP-00625|[HLT]|3500.00|3631.25|3177.34|5295.67|185.34|25.00|5506.01
F|SWP-00626|[HLT]|3500.00|3631.25|3631.25|2723.43|95.32|25.00|2843.75
F|SWP-00627|[HLT]|3500.00|3631.25|3631.25|3322.59|116.29|25.00|3463.88
F|SWP-00628|[HLT]|3500.00|3631.25|3631.25|3631.25|127.09|25.00|3783.34
F|SWP-00629|[HLT]|3500.00|3631.25|3631.25|4094.23|143.29|25.00|4262.52
F|SWP-00630|[HLT]|3500.00|3631.25|3631.25|6052.20|211.82|25.00|6289.02
F|SWP-00631|[HLT]|3500.00|3631.25|3858.20|2893.65|101.27|25.00|3019.92
F|SWP-00632|[HLT]|3500.00|3631.25|3858.20|3530.25|123.55|25.00|3678.80
F|SWP-00633|[HLT]|3500.00|3631.25|3858.20|3858.20|135.03|25.00|4018.23
F|SWP-00634|[HLT]|3500.00|3631.25|3858.20|4350.12|152.25|25.00|4527.37
F|SWP-00635|[HLT]|3500.00|3631.25|3858.20|6430.46|225.06|25.00|6680.52
F|SWP-00636|[HLT]|3500.00|3631.25|4841.54|3631.15|127.09|25.00|3783.24
F|SWP-00637|[HLT]|3500.00|3631.25|4841.54|4430.00|155.05|25.00|4610.05
F|SWP-00638|[HLT]|3500.00|3631.25|4841.54|4841.54|169.45|25.00|5035.99
F|SWP-00639|[HLT]|3500.00|3631.25|4841.54|5458.83|191.05|25.00|5674.88
F|SWP-00640|[HLT]|3500.00|3631.25|4841.54|8069.39|282.42|25.00|8376.81
F|SWP-00641|[HLT]|3500.00|3981.25|3483.59|2612.69|91.44|25.00|2729.13
F|SWP-00642|[HLT]|3500.00|3981.25|3483.59|3187.48|111.56|25.00|3324.04
F|SWP-00643|[HLT]|3500.00|3981.25|3483.59|3483.59|121.92|25.00|3630.51
F|SWP-00644|[HLT]|3500.00|3981.25|3483.59|3927.74|137.47|25.00|4090.21
F|SWP-00645|[HLT]|3500.00|3981.25|3483.59|5806.09|203.21|25.00|6034.30
F|SWP-00646|[HLT]|3500.00|3981.25|3981.25|2985.93|104.50|25.00|3115.43
F|SWP-00647|[HLT]|3500.00|3981.25|3981.25|3642.84|127.49|25.00|3795.33
F|SWP-00648|[HLT]|3500.00|3981.25|3981.25|3981.25|139.34|25.00|4145.59
F|SWP-00649|[HLT]|3500.00|3981.25|3981.25|4488.85|157.10|25.00|4670.95
F|SWP-00650|[HLT]|3500.00|3981.25|3981.25|6635.54|232.24|25.00|6892.78
F|SWP-00651|[HLT]|3500.00|3981.25|4230.07|3172.55|111.03|25.00|3308.58
F|SWP-00652|[HLT]|3500.00|3981.25|4230.07|3870.51|135.46|25.00|4030.97
F|SWP-00653|[HLT]|3500.00|3981.25|4230.07|4230.07|148.05|25.00|4403.12
F|SWP-00654|[HLT]|3500.00|3981.25|4230.07|4769.40|166.92|25.00|4961.32
F|SWP-00655|[HLT]|3500.00|3981.25|4230.07|7050.25|246.75|25.00|7322.00
F|SWP-00656|[HLT]|3500.00|3981.25|5308.20|3981.15|139.34|25.00|4145.49
F|SWP-00657|[HLT]|3500.00|3981.25|5308.20|4857.00|169.99|25.00|5051.99
F|SWP-00658|[HLT]|3500.00|3981.25|5308.20|5308.20|185.78|25.00|5518.98
F|SWP-00659|[HLT]|3500.00|3981.25|5308.20|5984.99|209.47|25.00|6219.46
F|SWP-00660|[HLT]|3500.00|3981.25|5308.20|8847.17|309.65|25.00|9181.82
F|SWP-00661|[HLT]|3500.00|4375.00|3828.12|2871.09|100.48|25.00|2996.57
F|SWP-00662|[HLT]|3500.00|4375.00|3828.12|3502.72|122.59|25.00|3650.31
F|SWP-00663|[HLT]|3500.00|4375.00|3828.12|3828.12|133.98|25.00|3987.10
F|SWP-00664|[HLT]|3500.00|4375.00|3828.12|4316.20|151.06|25.00|4492.26
F|SWP-00665|[HLT]|3500.00|4375.00|3828.12|6380.32|223.31|25.00|6628.63
F|SWP-00666|[HLT]|3500.00|4375.00|4375.00|3281.25|114.84|25.00|3421.09
F|SWP-00667|[HLT]|3500.00|4375.00|4375.00|4003.12|140.10|25.00|4168.22
F|SWP-00668|[HLT]|3500.00|4375.00|4375.00|4375.00|153.12|25.00|4553.12
F|SWP-00669|[HLT]|3500.00|4375.00|4375.00|4932.81|172.64|25.00|5130.45
F|SWP-00670|[HLT]|3500.00|4375.00|4375.00|7291.81|255.21|25.00|7572.02
F|SWP-00671|[HLT]|3500.00|4375.00|4648.43|3486.32|122.02|25.00|3633.34
F|SWP-00672|[HLT]|3500.00|4375.00|4648.43|4253.31|148.86|25.00|4427.17
F|SWP-00673|[HLT]|3500.00|4375.00|4648.43|4648.43|162.69|25.00|4836.12
F|SWP-00674|[HLT]|3500.00|4375.00|4648.43|5241.10|183.43|25.00|5449.53
F|SWP-00675|[HLT]|3500.00|4375.00|4648.43|7747.53|271.16|25.00|8043.69
F|SWP-00676|[HLT]|3500.00|4375.00|5833.18|4374.88|153.12|25.00|4553.00
F|SWP-00677|[HLT]|3500.00|4375.00|5833.18|5337.35|186.80|25.00|5549.15
F|SWP-00678|[HLT]|3500.00|4375.00|5833.18|5833.18|204.16|25.00|6062.34
F|SWP-00679|[HLT]|3500.00|4375.00|5833.18|6576.91|230.19|25.00|6832.10
F|SWP-00680|[HLT]|3500.00|4375.00|5833.18|9722.16|340.27|25.00|10087.43
F|SWP-00681|[HLT]|3500.00|5249.65|4593.44|3445.08|120.57|25.00|3590.65
F|SWP-00682|[HLT]|3500.00|5249.65|4593.44|4202.99|147.10|25.00|4375.09
F|SWP-00683|[HLT]|3500.00|5249.65|4593.44|4593.44|160.77|25.00|4779.21
F|SWP-00684|[HLT]|3500.00|5249.65|4593.44|5179.10|181.26|25.00|5385.36
F|SWP-00685|[HLT]|3500.00|5249.65|4593.44|7655.88|267.95|25.00|7948.83
F|SWP-00686|[HLT]|3500.00|5249.65|5249.65|3937.23|137.80|25.00|4100.03
F|SWP-00687|[HLT]|3500.00|5249.65|5249.65|4803.42|168.11|25.00|4996.53
F|SWP-00688|[HLT]|3500.00|5249.65|5249.65|5249.65|183.73|25.00|5458.38
F|SWP-00689|[HLT]|3500.00|5249.65|5249.65|5918.98|207.16|25.00|6151.14
F|SWP-00690|[HLT]|3500.00|5249.65|5249.65|8749.59|306.23|25.00|9080.82
F|SWP-00691|[HLT]|3500.00|5249.65|5577.75|4183.31|146.41|25.00|4354.72
F|SWP-00692|[HLT]|3500.00|5249.65|5577.75|5103.64|178.62|25.00|5307.26
F|SWP-00693|[HLT]|3500.00|5249.65|5577.75|5577.75|195.22|25.00|5797.97
F|SWP-00694|[HLT]|3500.00|5249.65|5577.75|6288.91|220.11|25.00|6534.02
F|SWP-00695|[HLT]|3500.00|5249.65|5577.75|9296.43|325.37|25.00|9646.80
F|SWP-00696|[HLT]|3500.00|5249.65|6999.35|5249.51|183.73|25.00|5458.24
F|SWP-00697|[HLT]|3500.00|5249.65|6999.35|6404.40|224.15|25.00|6653.55
F|SWP-00698|[HLT]|3500.00|5249.65|6999.35|6999.35|244.97|25.00|7269.32
F|SWP-00699|[HLT]|3500.00|5249.65|6999.35|7891.76|276.21|25.00|8192.97
F|SWP-00700|[HLT]|3500.00|5249.65|6999.35|11665.81|408.30|25.00|12099.11
F|SWP-00701|[XXX]|1000.00|812.50|710.93|533.19|18.66|25.00|576.85
F|SWP-00702|[XXX]|1000.00|812.50|710.93|650.50|22.76|25.00|698.26
F|SWP-00703|[XXX]|1000.00|812.50|710.93|710.93|24.88|25.00|760.81
F|SWP-00704|[XXX]|1000.00|812.50|710.93|801.57|28.05|25.00|854.62
F|SWP-00705|[XXX]|1000.00|812.50|710.93|1184.90|41.47|25.00|1251.37
F|SWP-00706|[XXX]|1000.00|812.50|812.50|609.37|21.32|25.00|655.69
F|SWP-00707|[XXX]|1000.00|812.50|812.50|743.43|26.02|25.00|794.45
F|SWP-00708|[XXX]|1000.00|812.50|812.50|812.50|28.43|25.00|865.93
F|SWP-00709|[XXX]|1000.00|812.50|812.50|916.09|32.06|25.00|973.15
F|SWP-00710|[XXX]|1000.00|812.50|812.50|1354.19|47.39|25.00|1426.58
F|SWP-00711|[XXX]|1000.00|812.50|863.28|647.46|22.66|25.00|695.12
F|SWP-00712|[XXX]|1000.00|812.50|863.28|789.90|27.64|25.00|842.54
F|SWP-00713|[XXX]|1000.00|812.50|863.28|863.28|30.21|25.00|918.49
F|SWP-00714|[XXX]|1000.00|812.50|863.28|973.34|34.06|25.00|1032.40
F|SWP-00715|[XXX]|1000.00|812.50|863.28|1438.82|50.35|25.00|1514.17
F|SWP-00716|[XXX]|1000.00|812.50|1083.30|812.47|28.43|25.00|865.90
F|SWP-00717|[XXX]|1000.00|812.50|1083.30|991.21|34.69|25.00|1050.90
F|SWP-00718|[XXX]|1000.00|812.50|1083.30|1083.30|37.91|25.00|1146.21
F|SWP-00719|[XXX]|1000.00|812.50|1083.30|1221.42|42.74|25.00|1289.16
F|SWP-00720|[XXX]|1000.00|812.50|1083.30|1805.53|63.19|25.00|1893.72
F|SWP-00721|[XXX]|1000.00|900.00|787.50|590.62|20.67|25.00|636.29
F|SWP-00722|[XXX]|1000.00|900.00|787.50|720.56|25.21|25.00|770.77
F|SWP-00723|[XXX]|1000.00|900.00|787.50|787.50|27.56|25.00|840.06
F|SWP-00724|[XXX]|1000.00|900.00|787.50|887.90|31.07|25.00|943.97
F|SWP-00725|[XXX]|1000.00|900.00|787.50|1312.52|45.93|25.00|1383.45
F|SWP-00726|[XXX]|1000.00|900.00|900.00|675.00|23.62|25.00|723.62
F|SWP-00727|[XXX]|1000.00|900.00|900.00|823.50|28.82|25.00|877.32
F|SWP-00728|[XXX]|1000.00|900.00|900.00|900.00|31.50|25.00|956.50
F|SWP-00729|[XXX]|1000.00|900.00|900.00|1014.75|35.51|25.00|1075.26
F|SWP-00730|[XXX]|1000.00|900.00|900.00|1500.03|52.50|25.00|1577.53
F|SWP-00731|[XXX]|1000.00|900.00|956.25|717.18|25.10|25.00|767.28
F|SWP-00732|[XXX]|1000.00|900.00|956.25|874.96|30.62|25.00|930.58
F|SWP-00733|[XXX]|1000.00|900.00|956.25|956.25|33.46|25.00|1014.71
F|SWP-00734|[XXX]|1000.00|900.00|956.25|1078.17|37.73|25.00|1140.90
F|SWP-00735|[XXX]|1000.00|900.00|956.25|1593.78|55.78|25.00|1674.56
F|SWP-00736|[XXX]|1000.00|900.00|1199.97|899.97|31.49|25.00|956.46
F|SWP-00737|[XXX]|1000.00|900.00|1199.97|1097.97|38.42|25.00|1161.39
F|SWP-00738|[XXX]|1000.00|900.00|1199.97|1199.97|41.99|25.00|1266.96
F|SWP-00739|[XXX]|1000.00|900.00|1199.97|1352.96|47.35|25.00|1425.31
F|SWP-00740|[XXX]|1000.00|900.00|1199.97|1999.98|69.99|25.00|2094.97
F|SWP-00741|[XXX]|1000.00|1000.00|875.00|656.25|22.96|25.00|704.21
F|SWP-00742|[XXX]|1000.00|1000.00|875.00|800.62|28.02|25.00|853.64
F|SWP-00743|[XXX]|1000.00|1000.00|875.00|875.00|30.62|25.00|930.62
F|SWP-00744|[XXX]|1000.00|1000.00|875.00|986.56|34.52|25.00|1046.08
F|SWP-00745|[XXX]|1000.00|1000.00|875.00|1458.36|51.04|25.00|1534.40
F|SWP-00746|[XXX]|1000.00|1000.00|1000.00|750.00|26.25|25.00|801.25
F|SWP-00747|[XXX]|1000.00|1000.00|1000.00|915.00|32.02|25.00|972.02
F|SWP-00748|[XXX]|1000.00|1000.00|1000.00|1000.00|35.00|25.00|1060.00
F|SWP-00749|[XXX]|1000.00|1000.00|1000.00|1127.50|39.46|25.00|1191.96
F|SWP-00750|[XXX]|1000.00|1000.00|1000.00|1666.70|58.33|25.00|1750.03
F|SWP-00751|[XXX]|1000.00|1000.00|1062.50|796.87|27.89|25.00|849.76
F|SWP-00752|[XXX]|1000.00|1000.00|1062.50|972.18|34.02|25.00|1031.20
F|SWP-00753|[XXX]|1000.00|1000.00|1062.50|1062.50|37.18|25.00|1124.68
F|SWP-00754|[XXX]|1000.00|1000.00|1062.50|1197.96|41.92|25.00|1264.88
F|SWP-00755|[XXX]|1000.00|1000.00|1062.50|1770.86|61.98|25.00|1857.84
F|SWP-00756|[XXX]|1000.00|1000.00|1333.30|999.97|34.99|25.00|1059.96
F|SWP-00757|[XXX]|1000.00|1000.00|1333.30|1219.96|42.69|25.00|1287.65
F|SWP-00758|[XXX]|1000.00|1000.00|1333.30|1333.30|46.66|25.00|1404.96
F|SWP-00759|[XXX]|1000.00|1000.00|1333.30|1503.29|52.61|25.00|1580.90
F|SWP-00760|[XXX]|1000.00|1000.00|1333.30|2222.21|77.77|25.00|2324.98
F|SWP-00761|[XXX]|1000.00|1037.50|907.81|680.85|23.82|25.00|729.67
F|SWP-00762|[XXX]|1000.00|1037.50|907.81|830.64|29.07|25.00|884.71
F|SWP-00763|[XXX]|1000.00|1037.50|907.81|907.81|31.77|25.00|964.58
F|SWP-00764|[XXX]|1000.00|1037.50|907.81|1023.55|35.82|25.00|1084.37
F|SWP-00765|[XXX]|1000.00|1037.50|907.81|1513.04|52.95|25.00|1590.99
F|SWP-00766|[XXX]|1000.00|1037.50|1037.50|778.12|27.23|25.00|830.35
F|SWP-00767|[XXX]|1000.00|1037.50|1037.50|949.31|33.22|25.00|1007.53
F|SWP-00768|[XXX]|1000.00|1037.50|1037.50|1037.50|36.31|25.00|1098.81
F|SWP-00769|[XXX]|1000.00|1037.50|1037.50|1169.78|40.94|25.00|1235.72
F|SWP-00770|[XXX]|1000.00|1037.50|1037.50|1729.20|60.52|25.00|1814.72
F|SWP-00771|[XXX]|1000.00|1037.50|1102.34|826.75|28.93|25.00|880.68
F|SWP-00772|[XXX]|1000.00|1037.50|1102.34|1008.64|35.30|25.00|1068.94
F|SWP-00773|[XXX]|1000.00|1037.50|1102.34|1102.34|38.58|25.00|1165.92
F|SWP-00774|[XXX]|1000.00|1037.50|1102.34|1242.88|43.50|25.00|1311.38
F|SWP-00775|[XXX]|1000.00|1037.50|1102.34|1837.27|64.30|25.00|1926.57
F|SWP-00776|[XXX]|1000.00|1037.50|1383.29|1037.46|36.31|25.00|1098.77
F|SWP-00777|[XXX]|1000.00|1037.50|1383.29|1265.71|44.29|25.00|1335.00
F|SWP-00778|[XXX]|1000.00|1037.50|1383.29|1383.29|48.41|25.00|1456.70
F|SWP-00779|[XXX]|1000.00|1037.50|1383.29|1559.65|54.58|25.00|1639.23
F|SWP-00780|[XXX]|1000.00|1037.50|1383.29|2305.52|80.69|25.00|2411.21
F|SWP-00781|[XXX]|1000.00|1137.50|995.31|746.48|26.12|25.00|797.60
F|SWP-00782|[XXX]|1000.00|1137.50|995.31|910.70|31.87|25.00|967.57
F|SWP-00783|[XXX]|1000.00|1137.50|995.31|995.31|34.83|25.00|1055.14
F|SWP-00784|[XXX]|1000.00|1137.50|995.31|1122.21|39.27|25.00|1186.48
F|SWP-00785|[XXX]|1000.00|1137.50|995.31|1658.88|58.06|25.00|1741.94
F|SWP-00786|[XXX]|1000.00|1137.50|1137.50|853.12|29.85|25.00|907.97
F|SWP-00787|[XXX]|1000.00|1137.50|1137.50|1040.81|36.42|25.00|1102.23
F|SWP-00788|[XXX]|1000.00|1137.50|1137.50|1137.50|39.81|25.00|1202.31
F|SWP-00789|[XXX]|1000.00|1137.50|1137.50|1282.53|44.88|25.00|1352.41
F|SWP-00790|[XXX]|1000.00|1137.50|1137.50|1895.87|66.35|25.00|1987.22
F|SWP-00791|[XXX]|1000.00|1137.50|1208.59|906.44|31.72|25.00|963.16
F|SWP-00792|[XXX]|1000.00|1137.50|1208.59|1105.85|38.70|25.00|1169.55
F|SWP-00793|[XXX]|1000.00|1137.50|1208.59|1208.59|42.30|25.00|1275.89
F|SWP-00794|[XXX]|1000.00|1137.50|1208.59|1362.68|47.69|25.00|1435.37
F|SWP-00795|[XXX]|1000.00|1137.50|1208.59|2014.35|70.50|25.00|2109.85
F|SWP-00796|[XXX]|1000.00|1137.50|1516.62|1137.46|39.81|25.00|1202.27
F|SWP-00797|[XXX]|1000.00|1137.50|1516.62|1387.70|48.56|25.00|1461.26
F|SWP-00798|[XXX]|1000.00|1137.50|1516.62|1516.62|53.08|25.00|1594.70
F|SWP-00799|[XXX]|1000.00|1137.50|1516.62|1709.98|59.84|25.00|1794.82
F|SWP-00800|[XXX]|1000.00|1137.50|1516.62|2527.75|88.47|25.00|2641.22
F|SWP-00801|[XXX]|1000.00|1250.00|1093.75|820.31|28.71|25.00|874.02
F|SWP-00802|[XXX]|1000.00|1250.00|1093.75|1000.78|35.02|25.00|1060.80
F|SWP-00803|[XXX]|1000.00|1250.00|1093.75|1093.75|38.28|25.00|1157.03
F|SWP-00804|[XXX]|1000.00|1250.00|1093.75|1233.20|43.16|25.00|1301.36
F|SWP-00805|[XXX]|1000.00|1250.00|1093.75|1822.95|63.80|25.00|1911.75
F|SWP-00806|[XXX]|1000.00|1250.00|1250.00|937.50|32.81|25.00|995.31
F|SWP-00807|[XXX]|1000.00|1250.00|1250.00|1143.75|40.03|25.00|1208.78
F|SWP-00808|[XXX]|1000.00|1250.00|1250.00|1250.00|43.75|25.00|1318.75
F|SWP-00809|[XXX]|1000.00|1250.00|1250.00|1409.37|49.32|25.00|1483.69
F|SWP-00810|[XXX]|1000.00|1250.00|1250.00|2083.37|72.91|25.00|2181.28
F|SWP-00811|[XXX]|1000.00|1250.00|1328.12|996.09|34.86|25.00|1055.95
F|SWP-00812|[XXX]|1000.00|1250.00|1328.12|1215.22|42.53|25.00|1282.75
F|SWP-00813|[XXX]|1000.00|1250.00|1328.12|1328.12|46.48|25.00|1399.60
F|SWP-00814|[XXX]|1000.00|1250.00|1328.12|1497.45|52.41|25.00|1574.86
F|SWP-00815|[XXX]|1000.00|1250.00|1328.12|2213.57|77.47|25.00|2316.04
F|SWP-00816|[XXX]|1000.00|1250.00|1666.62|1249.96|43.74|25.00|1318.70
F|SWP-00817|[XXX]|1000.00|1250.00|1666.62|1524.95|53.37|25.00|1603.32
F|SWP-00818|[XXX]|1000.00|1250.00|1666.62|1666.62|58.33|25.00|1749.95
F|SWP-00819|[XXX]|1000.00|1250.00|1666.62|1879.11|65.76|25.00|1969.87
F|SWP-00820|[XXX]|1000.00|1250.00|1666.62|2777.75|97.22|25.00|2899.97
F|SWP-00821|[XXX]|1000.00|1499.90|1312.41|984.30|34.45|25.00|1043.75
F|SWP-00822|[XXX]|1000.00|1499.90|1312.41|1200.85|42.02|25.00|1267.87
F|SWP-00823|[XXX]|1000.00|1499.90|1312.41|1312.41|45.93|25.00|1383.34
F|SWP-00824|[XXX]|1000.00|1499.90|1312.41|1479.74|51.79|25.00|1556.53
F|SWP-00825|[XXX]|1000.00|1499.90|1312.41|2187.39|76.55|25.00|2288.94
F|SWP-00826|[XXX]|1000.00|1499.90|1499.90|1124.92|39.37|25.00|1189.29
F|SWP-00827|[XXX]|1000.00|1499.90|1499.90|1372.40|48.03|25.00|1445.43
F|SWP-00828|[XXX]|1000.00|1499.90|1499.90|1499.90|52.49|25.00|1577.39
F|SWP-00829|[XXX]|1000.00|1499.90|1499.90|1691.13|59.18|25.00|1775.31
F|SWP-00830|[XXX]|1000.00|1499.90|1499.90|2499.88|87.49|25.00|2612.37
F|SWP-00831|[XXX]|1000.00|1499.90|1593.64|1195.23|41.83|25.00|1262.06
F|SWP-00832|[XXX]|1000.00|1499.90|1593.64|1458.18|51.03|25.00|1534.21
F|SWP-00833|[XXX]|1000.00|1499.90|1593.64|1593.64|55.77|25.00|1674.41
F|SWP-00834|[XXX]|1000.00|1499.90|1593.64|1796.82|62.88|25.00|1884.70
F|SWP-00835|[XXX]|1000.00|1499.90|1593.64|2656.11|92.96|25.00|2774.07
F|SWP-00836|[XXX]|1000.00|1499.90|1999.81|1499.85|52.49|25.00|1577.34
F|SWP-00837|[XXX]|1000.00|1499.90|1999.81|1829.82|64.04|25.00|1918.86
F|SWP-00838|[XXX]|1000.00|1499.90|1999.81|1999.81|69.99|25.00|2094.80
F|SWP-00839|[XXX]|1000.00|1499.90|1999.81|2254.78|78.91|25.00|2358.69
F|SWP-00840|[XXX]|1000.00|1499.90|1999.81|3333.08|116.65|25.00|3474.73
